Warning: Setting up fake worker.
Warning: TT: undefined function: 133
Warning: TT: undefined function: 133

Found performance code: 251010E at X=-0.25
All items in this row (X position | content):
  -0.25 | Performance Start Date:
  -0.25 |  
  -0.25 | 2025-07-01
  -0.25 | Performance End Date:
  -0.25 |  
  -0.25 | 2026-06-30
  -0.25 | Mode:
  -0.25 |  
  -0.25 | Summary
  -0.25 | Season(s):
  -0.25 |  
  -0.25 | 25-26 SY Classical, 25-26 SY Education, 25-26 SY Family, 25-26 SY Fee 
  -0.25 | Concerts, 25-26 SY Flex/CYO, 25-26 SY Off Season, 25-26 SY Pops, 25-26 SY Special, 25-
  -0.25 | 26 SY On Stage
  -0.25 | Group By:
  -0.25 |  
  -0.25 | Event
  -0.25 | Historical Date:
  -0.25 |  
  -0.25 | Include Resold Seats?:
  -0.25 |  
  -0.25 | Yes
  -0.25 | Report Parameters
  -0.25 | Perf Code
  -0.25 | Date
  -0.25 | Budget
  -0.25 | Fixed Pkgs
  -0.25 | Non Fixed Pkgs
  -0.25 | Single
  -0.25 | Subtotal
  -0.25 | Reserved
  -0.25 | Total
  -0.25 | Avail
  -0.25 | % Cap
  -0.25 | #
  -0.25 | $
  -0.25 | #
  -0.25 | $
  -0.25 | #
  -0.25 | $
  -0.25 | #
  -0.25 | $
  -0.25 | 251010E
  -0.25 | 10/10/2025 8:00 PM
  -0.25 | 51.1%
  -0.25 | 480
  -0.25 | 32,642.00
  -0.25 | 17
  -0.25 | 1,209.60
  -0.25 | 340
  -0.25 | 17,790.70
  -0.25 | 51,642.30
  -0.25 | 0
  -0.25 | 0.00
  -0.25 | 51,642.30
  -0.25 | 614
  -0.25 | 52.8%
  -0.25 | 251011E
  -0.25 | 10/11/2025 8:00 PM
  -0.25 | 51.1%
  -0.25 | 509
  -0.25 | 36,273.10
  -0.25 | 29
  -0.25 | 1,905.30
  -0.25 | 363
  -0.25 | 20,650.80
  -0.25 | 58,829.20
  -0.25 | 0
  -0.25 | 0.00
  -0.25 | 58,829.20
  -0.25 | 549
  -0.25 | 60.1%
  -0.25 | 251012M
  -0.25 | 10/12/2025 2:00 PM
  -0.25 | 51.1%
  -0.25 | 551
  -0.25 | 37,209.60
  -0.25 | 21
  -0.25 | 1,377.80
  -0.25 | 479
  -0.25 | 26,670.20
  -0.25 | 65,257.60
  -0.25 | 0
  -0.25 | 0.00
  -0.25 | 65,257.60
  -0.25 | 401
  -0.25 | 66.7%
  -0.25 | 26 CS01 Appalachian Spring Total
  -0.25 | 51.1%
  -0.25 | 1,540
  -0.25 | 106,124.70
  -0.25 | 67
  -0.25 | 4,492.70
  -0.25 | 1,182
  -0.25 | 65,111.70
  -0.25 | 175,729.10
  -0.25 | 0
  -0.25 | 0.00
  -0.25 | 175,729.10
  -0.25 | 1,564
  -0.25 | 59.9%
  -0.25 | 251031E
  -0.25 | 10/31/2025 8:00 PM
  -0.25 | 53.1%
  -0.25 | 341
  -0.25 | 23,468.00
  -0.25 | 16
  -0.25 | 1,017.90
  -0.25 | 149
  -0.25 | 7,728.00
  -0.25 | 32,213.90
  -0.25 | 0
  -0.25 | 0.00
  -0.25 | 32,213.90
  -0.25 | 944
  -0.25 | 32.9%
  -0.25 | 251101E
  -0.25 | 11/1/2025 8:00 PM
  -0.25 | 88.4%
  -0.25 | 550
  -0.25 | 35,783.00
  -0.25 | 24
  -0.25 | 1,473.30
  -0.25 | 460
  -0.25 | 26,074.00
  -0.25 | 63,330.30
  -0.25 | 0
  -0.25 | 0.00
  -0.25 | 63,330.30
  -0.25 | 416
  -0.25 | 64.7%
  -0.25 | 251102M
  -0.25 | 11/2/2025 2:00 PM
  -0.25 | 88.4%
  -0.25 | 555
  -0.25 | 35,841.10
  -0.25 | 26
  -0.25 | 1,555.10
  -0.25 | 309
  -0.25 | 18,172.60
  -0.25 | 55,568.80
  -0.25 | 0
  -0.25 | 0.00
  -0.25 | 55,568.80
  -0.25 | 560
  -0.25 | 56.8%
  -0.25 | 26 CS02 Rachmaninoff Cele Pt 1 Total
  -0.25 | 76.7%
  -0.25 | 1,446
  -0.25 | 95,092.10
  -0.25 | 66
  -0.25 | 4,046.30
  -0.25 | 918
  -0.25 | 51,974.60
  -0.25 | 151,113.00
  -0.25 | 0
  -0.25 | 0.00
  -0.25 | 151,113.00
  -0.25 | 1,920
  -0.25 | 51.5%
  -0.25 | 251121E
  -0.25 | 11/21/2025 8:00 PM
  -0.25 | 39.1%
  -0.25 | 363
  -0.25 | 25,200.00
  -0.25 | 13
  -0.25 | 783.00
  -0.25 | 79
  -0.25 | 3,884.50
  -0.25 | 29,867.50
  -0.25 | 0
  -0.25 | 0.00
  -0.25 | 29,867.50
  -0.25 | 1,152
  -0.25 | 29.2%
  -0.25 | 251122E
  -0.25 | 11/22/2025 8:00 PM
  -0.25 | 64.9%
  -0.25 | 583
  -0.25 | 39,630.90
  -0.25 | 10
  -0.25 | 694.80
  -0.25 | 148
  -0.25 | 8,724.00
  -0.25 | 49,049.70
  -0.25 | 0
  -0.25 | 0.00
  -0.25 | 49,049.70
  -0.25 | 866
  -0.25 | 47.9%
  -0.25 | 251123M
  -0.25 | 11/23/2025 2:00 PM
  -0.25 | 64.9%
  -0.25 | 618
  -0.25 | 39,823.20
  -0.25 | 17
  -0.25 | 867.50
  -0.25 | 95
  -0.25 | 6,519.50
  -0.25 | 47,210.20
  -0.25 | 0
  -0.25 | 0.00
  -0.25 | 47,210.20
  -0.25 | 879
  -0.25 | 46.1%
  -0.25 | 26 CS03 Matthias and Mahler 7 Total
  -0.25 | 56.3%
  -0.25 | 1,564
  -0.25 | 104,654.10
  -0.25 | 40
  -0.25 | 2,345.30
  -0.25 | 322
  -0.25 | 19,128.00
  -0.25 | 126,127.40
  -0.25 | 0
  -0.25 | 0.00
  -0.25 | 126,127.40
  -0.25 | 2,897
  -0.25 | 41.1%
  -0.25 | 260109E
  -0.25 | 1/9/2026 8:00 PM
  -0.25 | 53.7%
  -0.25 | 573
  -0.25 | 38,437.00
  -0.25 | 3
  -0.25 | 119.70
  -0.25 | 34
  -0.25 | 1,261.00
  -0.25 | 39,817.70
  -0.25 | 0
  -0.25 | 0.00
  -0.25 | 39,817.70
  -0.25 | 997
  -0.25 | 38.9%
  -0.25 | 260110E
  -0.25 | 1/10/2026 8:00 PM
  -0.25 | 53.7%
  -0.25 | 557
  -0.25 | 36,391.00
  -0.25 | 14
  -0.25 | 971.10
  -0.25 | 71
  -0.25 | 3,672.00
  -0.25 | 41,034.10
  -0.25 | 0
  -0.25 | 0.00
  -0.25 | 41,034.10
  -0.25 | 965
  -0.25 | 40.1%
  -0.25 | 260111M
  -0.25 | 1/11/2026 2:00 PM
  -0.25 | 53.7%
  -0.25 | 571
  -0.25 | 36,749.50
  -0.25 | 7
  -0.25 | 359.10
  -0.25 | 56
  -0.25 | 3,087.20
  -0.25 | 40,195.80
  -0.25 | 0
  -0.25 | 0.00
  -0.25 | 40,195.80
  -0.25 | 973
  -0.25 | 39.3%
  -0.25 | 26 CS04 Brahms' Fourth Symphon Total
  -0.25 | 53.7%
  -0.25 | 1,701
  -0.25 | 111,577.50
  -0.25 | 24
  -0.25 | 1,449.90
  -0.25 | 161
  -0.25 | 8,020.20
  -0.25 | 121,047.60
  -0.25 | 0
  -0.25 | 0.00
  -0.25 | 121,047.60
  -0.25 | 2,935
  -0.25 | 39.4%
  -0.25 | 260116E
  -0.25 | 1/16/2026 8:00 PM
  -0.25 | 58.6%
  -0.25 | 368
  -0.25 | 25,342.00
  -0.25 | 11
  -0.25 | 718.20
  -0.25 | 51
  -0.25 | 2,634.40
  -0.25 | 28,694.60
  -0.25 | 3
  -0.25 | 144.00
  -0.25 | 28,838.60
  -0.25 | 1,174
  -0.25 | 28.2%
  -0.25 | 260117E
  -0.25 | 1/17/2026 8:00 PM
  -0.25 | 73.2%
  -0.25 | 600
  -0.25 | 40,430.90
  -0.25 | 6
  -0.25 | 406.80
  -0.25 | 132
  -0.25 | 7,633.20
  -0.25 | 48,470.90
  -0.25 | 0
  -0.25 | 0.00
  -0.25 | 48,470.90
  -0.25 | 869
  -0.25 | 47.3%
  -0.25 | 260118M
  -0.25 | 1/18/2026 2:00 PM
  -0.25 | 73.2%
  -0.25 | 608
  -0.25 | 39,016.20
  -0.25 | 19
  -0.25 | 1,118.60
  -0.25 | 86
  -0.25 | 5,326.60
  -0.25 | 45,461.40
  -0.25 | 0
  -0.25 | 0.00
  -0.25 | 45,461.40
  -0.25 | 894
  -0.25 | 44.4%
  -0.25 | 26 CS05 Pines of Rome & Bruch Total
  -0.25 | 68.4%
  -0.25 | 1,576
  -0.25 | 104,789.10
  -0.25 | 36
  -0.25 | 2,243.60
  -0.25 | 269
  -0.25 | 15,594.20
  -0.25 | 122,626.90
  -0.25 | 3
  -0.25 | 144.00
  -0.25 | 122,770.90
  -0.25 | 2,937
  -0.25 | 40.0%
  -0.25 | 260130E
  -0.25 | 1/30/2026 8:00 PM
  -0.25 | 52.7%
  -0.25 | 364
  -0.25 | 24,869.00
  -0.25 | 12
  -0.25 | 743.40
  -0.25 | 65
  -0.25 | 3,270.00
  -0.25 | 28,882.40
  -0.25 | 0
  -0.25 | 0.00
  -0.25 | 28,882.40
  -0.25 | 1,166
  -0.25 | 28.2%
  -0.25 | 260131E
  -0.25 | 1/31/2026 8:00 PM
  -0.25 | 73.2%
  -0.25 | 596
  -0.25 | 39,742.90
  -0.25 | 18
  -0.25 | 1,202.40
  -0.25 | 95
  -0.25 | 5,153.80
  -0.25 | 46,099.10
  -0.25 | 0
  -0.25 | 0.00
  -0.25 | 46,099.10
  -0.25 | 898
  -0.25 | 45.0%
  -0.25 | 260201M
  -0.25 | 2/1/2026 2:00 PM
  -0.25 | 73.2%
  -0.25 | 609
  -0.25 | 39,023.20
  -0.25 | 15
  -0.25 | 943.10
  -0.25 | 67
  -0.25 | 4,135.20
  -0.25 | 44,101.50
  -0.25 | 0
  -0.25 | 0.00
  -0.25 | 44,101.50
  -0.25 | 916
  -0.25 | 43.1%
  -0.25 | 26 CS06 Beethoven & Beyond Total
  -0.25 | 66.4%
  -0.25 | 1,569
  -0.25 | 103,635.10
  -0.25 | 45
  -0.25 | 2,888.90
  -0.25 | 227
  -0.25 | 12,559.00
  -0.25 | 119,083.00
  -0.25 | 0
  -0.25 | 0.00
  -0.25 | 119,083.00
  -0.25 | 2,980
  -0.25 | 38.8%
  -0.25 | Run by sborodki/SYTDIR   on 9/30/2025 5:00:17 AM (Request 1126300)
  -0.25 | /Tessitura/ScheduledReports/lnk_PerformanceSalesSummary_7733
  -0.25 | Performance Sales Summary
  -0.25 | Kansas City Symphony
  -0.25 | Page 1 of 7

No performance codes found. Showing first 5 rows:

Row 0: Perf Code | Date | Budget | Fixed Pkgs | Non Fixed Pkgs | Single | Subtotal | Reserved | Total | Avail | % Cap | # | $ | # | $ | # | $ | # | $ | 260206E | 2/6/2026 8:00 PM | 45.6% | 560 | 37,417.00 | 10 | 720.00 | 61 | 2,262.00 | 40,399.00 | 0 | 0.00 | 40,399.00 | 976 | 39.5% | 260207E | 2/7/2026 8:00 PM | 45.6% | 559 | 36,317.20 | 9 | 567.90 | 45 | 2,077.00 | 38,962.10 | 0 | 0.00 | 38,962.10 | 994 | 38.1% | 260208M | 2/8/2026 2:00 PM | 45.6% | 562 | 36,187.10 | 12 | 570.60 | 35 | 1,351.40 | 38,109.10 | 0 | 0.00 | 38,109.10 | 998 | 37.2% | 26 CS07 Prokofiev's Fifth Sym Total | 45.6% | 1,681 | 109,921.30 | 31 | 1,858.50 | 141 | 5,690.40 | 117,470.20 | 0 | 0.00 | 117,470.20 | 2,968 | 38.2% | 260313E | 3/13/2026 8:00 PM | 53.7% | 571 | 38,291.00 | 13 | 967.50 | 49 | 2,267.00 | 41,525.50 | 0 | 0.00 | 41,525.50 | 974 | 40.6% | 260314E | 3/14/2026 8:00 PM | 53.7% | 560 | 36,370.20 | 10 | 706.50 | 59 | 2,790.00 | 39,866.70 | 0 | 0.00 | 39,866.70 | 978 | 38.9% | 260315M | 3/15/2026 2:00 PM | 53.7% | 573 | 36,752.10 | 14 | 994.50 | 68 | 3,675.80 | 41,422.40 | 0 | 0.00 | 41,422.40 | 952 | 40.5% | 26 CS08 Saint-Saëns & Strauss Total | 53.7% | 1,704 | 111,413.30 | 37 | 2,668.50 | 176 | 8,732.80 | 122,814.60 | 0 | 0.00 | 122,814.60 | 2,904 | 40.0% | 260410E | 4/10/2026 8:00 PM | 53.1% | 372 | 25,894.00 | 11 | 819.00 | 48 | 1,834.00 | 28,547.00 | 0 | 0.00 | 28,547.00 | 1,019 | 29.2% | 260411E | 4/11/2026 8:00 PM | 75.6% | 565 | 36,373.00 | 13 | 666.00 | 95 | 4,705.00 | 41,744.00 | 0 | 0.00 | 41,744.00 | 777 | 42.7% | 260412M | 4/12/2026 2:00 PM | 75.6% | 572 | 36,905.10 | 16 | 989.10 | 65 | 2,265.40 | 40,159.60 | 0 | 0.00 | 40,159.60 | 797 | 41.0% | 26 CS09 Midsummer Night's Drea Total | 68.1% | 1,509 | 99,172.10 | 40 | 2,474.10 | 208 | 8,804.40 | 110,450.60 | 0 | 0.00 | 110,450.60 | 2,593 | 37.6% | 260417E | 4/17/2026 8:00 PM | 45.6% | 578 | 38,874.00 | 8 | 532.80 | 26 | 567.10 | 39,973.90 | 0 | 0.00 | 39,973.90 | 995 | 39.0% | 260418E | 4/18/2026 8:00 PM | 45.6% | 592 | 40,185.90 | 5 | 426.60 | 35 | 1,357.20 | 41,969.70 | 0 | 0.00 | 41,969.70 | 975 | 41.0% | 260419M | 4/19/2026 2:00 PM | 45.6% | 619 | 39,963.20 | 9 | 254.70 | 39 | 1,861.00 | 42,078.90 | 0 | 0.00 | 42,078.90 | 940 | 41.1% | 26 CS10 Farrenc/Dvorák/Schuman Total | 45.6% | 1,789 | 119,023.10 | 22 | 1,214.10 | 100 | 3,785.30 | 124,022.50 | 0 | 0.00 | 124,022.50 | 2,910 | 40.4% | 260508E | 5/8/2026 8:00 PM | 43.9% | 378 | 25,943.00 | 18 | 988.20 | 36 | 1,361.50 | 28,292.70 | 0 | 0.00 | 28,292.70 | 1,175 | 27.6% | 260509E | 5/9/2026 8:00 PM | 63.5% | 602 | 40,453.90 | 11 | 565.20 | 86 | 5,175.00 | 46,194.10 | 0 | 0.00 | 46,194.10 | 908 | 45.1% | 260510M | 5/10/2026 2:00 PM | 63.5% | 611 | 39,547.20 | 17 | 1,017.00 | 61 | 3,173.50 | 43,737.70 | 0 | 0.00 | 43,737.70 | 918 | 42.7% | 26 CS11 Grieg's Piano Concerto Total | 57.0% | 1,591 | 105,944.10 | 46 | 2,570.40 | 183 | 9,710.00 | 118,224.50 | 0 | 0.00 | 118,224.50 | 3,001 | 38.5% | 260529E | 5/29/2026 8:00 PM | 50.5% | 563 | 37,680.00 | 6 | 458.10 | 51 | 1,476.00 | 39,614.10 | 0 | 0.00 | 39,614.10 | 987 | 38.7% | 260530E | 5/30/2026 8:00 PM | 50.5% | 574 | 37,246.00 | 15 | 927.90 | 39 | 1,071.00 | 39,244.90 | 0 | 0.00 | 39,244.90 | 979 | 38.3% | 260531M | 5/31/2026 2:00 PM | 50.5% | 574 | 37,112.50 | 15 | 812.70 | 53 | 2,069.10 | 39,994.30 | 0 | 0.00 | 39,994.30 | 965 | 39.1% | 26 CS12 Gil Shaham Plays Brahm Total | 50.5% | 1,711 | 112,038.50 | 36 | 2,198.70 | 143 | 4,616.10 | 118,853.30 | 0 | 0.00 | 118,853.30 | 2,931 | 38.7% | 260605E | 6/5/2026 8:00 PM | 65.1% | 578 | 38,665.00 | 13 | 962.10 | 45 | 1,803.10 | 41,430.20 | 0 | 0.00 | 41,430.20 | 971 | 40.5% | 260606E | 6/6/2026 8:00 PM | 65.1% | 597 | 40,294.90 | 20 | 1,104.30 | 76 | 4,636.80 | 46,036.00 | 0 | 0.00 | 46,036.00 | 914 | 45.0% | 260607M | 6/7/2026 2:00 PM | 65.1% | 629 | 40,527.60 | 18 | 1,066.50 | 85 | 5,021.50 | 46,615.60 | 0 | 0.00 | 46,615.60 | 875 | 45.5% | 26 CS13 Rachmaninoff Cele Pt 2 Total | 65.1% | 1,804 | 119,487.50 | 51 | 3,132.90 | 206 | 11,461.40 | 134,081.80 | 0 | 0.00 | 134,081.80 | 2,760 | 43.6% | 260619E | 6/19/2026 8:00 PM | 58.6% | 384 | 26,459.00 | 25 | 1,605.60 | 98 | 5,197.00 | 33,261.60 | 0 | 0.00 | 33,261.60 | 1,100 | 32.5% | 260620E | 6/20/2026 8:00 PM | 68.4% | 589 | 38,195.00 | 31 | 1,836.00 | 206 | 12,206.60 | 52,237.60 | 0 | 0.00 | 52,237.60 | 781 | 51.0% | Run by sborodki/SYTDIR   on 9/30/2025 5:00:17 AM (Request 1126300) | /Tessitura/ScheduledReports/lnk_PerformanceSalesSummary_7733 | Performance Sales Summary | Kansas City Symphony | Page 2 of 7

Found performance code: 250919E at X=-0.25
All items in this row (X position | content):
  -0.25 | Perf Code
  -0.25 | Date
  -0.25 | Budget
  -0.25 | Fixed Pkgs
  -0.25 | Non Fixed Pkgs
  -0.25 | Single
  -0.25 | Subtotal
  -0.25 | Reserved
  -0.25 | Total
  -0.25 | Avail
  -0.25 | % Cap
  -0.25 | #
  -0.25 | $
  -0.25 | #
  -0.25 | $
  -0.25 | #
  -0.25 | $
  -0.25 | #
  -0.25 | $
  -0.25 | 260621M
  -0.25 | 6/21/2026 2:00 PM
  -0.25 | 68.4%
  -0.25 | 569
  -0.25 | 36,752.10
  -0.25 | 36
  -0.25 | 1,981.70
  -0.25 | 170
  -0.25 | 9,717.40
  -0.25 | 48,451.20
  -0.25 | 0
  -0.25 | 0.00
  -0.25 | 48,451.20
  -0.25 | 832
  -0.25 | 47.3%
  -0.25 | 26 CS14 Rhapsody in Blue Total
  -0.25 | 65.1%
  -0.25 | 1,542
  -0.25 | 101,406.10
  -0.25 | 92
  -0.25 | 5,423.30
  -0.25 | 474
  -0.25 | 27,121.00
  -0.25 | 133,950.40
  -0.25 | 0
  -0.25 | 0.00
  -0.25 | 133,950.40
  -0.25 | 2,713
  -0.25 | 43.6%
  -0.25 | 26QUARTET1
  -0.25 | 6/30/2026 8:00 PM
  -0.25 | 2
  -0.25 | 96.00
  -0.25 | 0
  -0.25 | 0.00
  -0.25 | 0
  -0.25 | 0.00
  -0.25 | 96.00
  -0.25 | 0
  -0.25 | 0.00
  -0.25 | 96.00
  -0.25 | 3,518
  -0.25 | 0.1%
  -0.25 | 26QUARTET2
  -0.25 | 6/30/2026 8:00 PM
  -0.25 | 2
  -0.25 | 96.00
  -0.25 | 0
  -0.25 | 0.00
  -0.25 | 0
  -0.25 | 0.00
  -0.25 | 96.00
  -0.25 | 0
  -0.25 | 0.00
  -0.25 | 96.00
  -0.25 | 3,518
  -0.25 | 0.1%
  -0.25 | 26QUARTET3
  -0.25 | 6/30/2026 8:00 PM
  -0.25 | 2
  -0.25 | 96.00
  -0.25 | 0
  -0.25 | 0.00
  -0.25 | 0
  -0.25 | 0.00
  -0.25 | 96.00
  -0.25 | 0
  -0.25 | 0.00
  -0.25 | 96.00
  -0.25 | 3,518
  -0.25 | 0.1%
  -0.25 | 26QUARTET4
  -0.25 | 6/30/2026 8:00 PM
  -0.25 | 2
  -0.25 | 96.00
  -0.25 | 0
  -0.25 | 0.00
  -0.25 | 0
  -0.25 | 0.00
  -0.25 | 96.00
  -0.25 | 0
  -0.25 | 0.00
  -0.25 | 96.00
  -0.25 | 3,518
  -0.25 | 0.1%
  -0.25 | 26 Quartet Total
  -0.25 | 0.0%
  -0.25 | 8
  -0.25 | 384.00
  -0.25 | 0
  -0.25 | 0.00
  -0.25 | 0
  -0.25 | 0.00
  -0.25 | 384.00
  -0.25 | 0
  -0.25 | 0.00
  -0.25 | 384.00
  -0.25 | 14,072
  -0.25 | 0.1%
  -0.25 | 26TRIO1
  -0.25 | 6/30/2026 8:00 PM
  -0.25 | 0
  -0.25 | 0.00
  -0.25 | 0
  -0.25 | 0.00
  -0.25 | 0
  -0.25 | 0.00
  -0.25 | 0.00
  -0.25 | 0
  -0.25 | 0.00
  -0.25 | 0.00
  -0.25 | 3,520
  -0.25 | 26TRIO2
  -0.25 | 6/30/2026 8:00 PM
  -0.25 | 0
  -0.25 | 0.00
  -0.25 | 0
  -0.25 | 0.00
  -0.25 | 0
  -0.25 | 0.00
  -0.25 | 0.00
  -0.25 | 0
  -0.25 | 0.00
  -0.25 | 0.00
  -0.25 | 3,520
  -0.25 | 26TRIO3
  -0.25 | 6/30/2026 8:00 PM
  -0.25 | 0
  -0.25 | 0.00
  -0.25 | 0
  -0.25 | 0.00
  -0.25 | 0
  -0.25 | 0.00
  -0.25 | 0.00
  -0.25 | 0
  -0.25 | 0.00
  -0.25 | 0.00
  -0.25 | 3,520
  -0.25 | 26 Trio Total
  -0.25 | 0.0%
  -0.25 | 0
  -0.25 | 0.00
  -0.25 | 0
  -0.25 | 0.00
  -0.25 | 0
  -0.25 | 0.00
  -0.25 | 0.00
  -0.25 | 0
  -0.25 | 0.00
  -0.25 | 0.00
  -0.25 | 10,560
  -0.25 | 0.0%
  -0.25 | 250919E
  -0.25 | 9/19/2025 8:00 PM
  -0.25 | 90.9%
  -0.25 | 615
  -0.25 | 45,368.60
  -0.25 | 4
  -0.25 | 295.20
  -0.25 | 511
  -0.25 | 29,853.00
  -0.25 | 75,516.80
  -0.25 | 0
  -0.25 | 0.00
  -0.25 | 75,516.80
  -0.25 | 477
  -0.25 | 68.2%
  -0.25 | 250920E
  -0.25 | 9/20/2025 8:00 PM
  -0.25 | 90.9%
  -0.25 | 514
  -0.25 | 38,548.30
  -0.25 | 4
  -0.25 | 288.00
  -0.25 | 550
  -0.25 | 35,384.30
  -0.25 | 74,220.60
  -0.25 | 0
  -0.25 | 0.00
  -0.25 | 74,220.60
  -0.25 | 539
  -0.25 | 67.0%
  -0.25 | 250921M
  -0.25 | 9/21/2025 2:00 PM
  -0.25 | 90.9%
  -0.25 | 344
  -0.25 | 24,147.80
  -0.25 | 2
  -0.25 | 165.60
  -0.25 | 662
  -0.25 | 40,186.40
  -0.25 | 64,499.80
  -0.25 | 0
  -0.25 | 0.00
  -0.25 | 64,499.80
  -0.25 | 593
  -0.25 | 58.2%
  -0.25 | 26 PS1 Music of Journey Total
  -0.25 | 90.9%
  -0.25 | 1,473
  -0.25 | 108,064.70
  -0.25 | 10
  -0.25 | 748.80
  -0.25 | 1,723
  -0.25 | 105,423.70
  -0.25 | 214,237.20
  -0.25 | 0
  -0.25 | 0.00
  -0.25 | 214,237.20
  -0.25 | 1,609
  -0.25 | 64.5%
  -0.25 | 251024E
  -0.25 | 10/24/2025 8:00 PM
  -0.25 | 83.4%
  -0.25 | 704
  -0.25 | 50,971.90
  -0.25 | 6
  -0.25 | 370.80
  -0.25 | 151
  -0.25 | 9,459.00
  -0.25 | 60,801.70
  -0.25 | 0
  -0.25 | 0.00
  -0.25 | 60,801.70
  -0.25 | 740
  -0.25 | 54.9%
  -0.25 | 251025E
  -0.25 | 10/25/2025 8:00 PM
  -0.25 | 83.4%
  -0.25 | 621
  -0.25 | 44,479.60
  -0.25 | 3
  -0.25 | 217.80
  -0.25 | 190
  -0.25 | 11,547.00
  -0.25 | 56,244.40
  -0.25 | 0
  -0.25 | 0.00
  -0.25 | 56,244.40
  -0.25 | 791
  -0.25 | 50.8%
  -0.25 | 251026M
  -0.25 | 10/26/2025 2:00 PM
  -0.25 | 83.4%
  -0.25 | 377
  -0.25 | 25,559.50
  -0.25 | 9
  -0.25 | 574.20
  -0.25 | 162
  -0.25 | 10,595.00
  -0.25 | 36,728.70
  -0.25 | 0
  -0.25 | 0.00
  -0.25 | 36,728.70
  -0.25 | 1,053
  -0.25 | 33.2%
  -0.25 | 26 PS2 90s Mixtape Total
  -0.25 | 83.4%
  -0.25 | 1,702
  -0.25 | 121,011.00
  -0.25 | 18
  -0.25 | 1,162.80
  -0.25 | 503
  -0.25 | 31,601.00
  -0.25 | 153,774.80
  -0.25 | 0
  -0.25 | 0.00
  -0.25 | 153,774.80
  -0.25 | 2,584
  -0.25 | 46.3%
  -0.25 | 260213E
  -0.25 | 2/13/2026 8:00 PM
  -0.25 | 85.5%
  -0.25 | 721
  -0.25 | 51,878.10
  -0.25 | 11
  -0.25 | 703.80
  -0.25 | 65
  -0.25 | 3,820.00
  -0.25 | 56,401.90
  -0.25 | 0
  -0.25 | 0.00
  -0.25 | 56,401.90
  -0.25 | 804
  -0.25 | 50.9%
  -0.25 | 260214E
  -0.25 | 2/14/2026 8:00 PM
  -0.25 | 85.5%
  -0.25 | 661
  -0.25 | 47,758.60
  -0.25 | 4
  -0.25 | 205.20
  -0.25 | 50
  -0.25 | 2,160.00
  -0.25 | 50,123.80
  -0.25 | 0
  -0.25 | 0.00
  -0.25 | 50,123.80
  -0.25 | 888
  -0.25 | 45.3%
  -0.25 | 260215M
  -0.25 | 2/15/2026 2:00 PM
  -0.25 | 90.9%
  -0.25 | 385
  -0.25 | 26,308.30
  -0.25 | 7
  -0.25 | 424.80
  -0.25 | 60
  -0.25 | 3,557.80
  -0.25 | 30,290.90
  -0.25 | 0
  -0.25 | 0.00
  -0.25 | 30,290.90
  -0.25 | 992
  -0.25 | 29.1%
  -0.25 | 26 PS3 She's Got Soul Total
  -0.25 | 87.2%
  -0.25 | 1,767
  -0.25 | 125,945.00
  -0.25 | 22
  -0.25 | 1,333.80
  -0.25 | 175
  -0.25 | 9,537.80
  -0.25 | 136,816.60
  -0.25 | 0
  -0.25 | 0.00
  -0.25 | 136,816.60
  -0.25 | 2,684
  -0.25 | 42.0%
  -0.25 | 260327E
  -0.25 | 3/27/2026 8:00 PM
  -0.25 | 85.5%
  -0.25 | 739
  -0.25 | 53,294.10
  -0.25 | 14
  -0.25 | 775.80
  -0.25 | 156
  -0.25 | 10,528.00
  -0.25 | 64,597.90
  -0.25 | 0
  -0.25 | 0.00
  -0.25 | 64,597.90
  -0.25 | 692
  -0.25 | 58.3%
  -0.25 | 260328E
  -0.25 | 3/28/2026 8:00 PM
  -0.25 | 85.5%
  -0.25 | 670
  -0.25 | 48,492.60
  -0.25 | 11
  -0.25 | 747.00
  -0.25 | 190
  -0.25 | 13,067.00
  -0.25 | 62,306.60
  -0.25 | 0
  -0.25 | 0.00
  -0.25 | 62,306.60
  -0.25 | 732
  -0.25 | 56.3%
  -0.25 | 260329M
  -0.25 | 3/29/2026 2:00 PM
  -0.25 | 85.5%
  -0.25 | 391
  -0.25 | 26,650.60
  -0.25 | 21
  -0.25 | 1,355.40
  -0.25 | 219
  -0.25 | 15,820.40
  -0.25 | 43,826.40
  -0.25 | 0
  -0.25 | 0.00
  -0.25 | 43,826.40
  -0.25 | 970
  -0.25 | 39.6%
  -0.25 | 26 PS4 Billy Joel & Elton John Total
  -0.25 | 85.5%
  -0.25 | 1,800
  -0.25 | 128,437.30
  -0.25 | 46
  -0.25 | 2,878.20
  -0.25 | 565
  -0.25 | 39,415.40
  -0.25 | 170,730.90
  -0.25 | 0
  -0.25 | 0.00
  -0.25 | 170,730.90
  -0.25 | 2,394
  -0.25 | 51.4%
  -0.25 | 260515E
  -0.25 | 5/15/2026 8:00 PM
  -0.25 | 87.7%
  -0.25 | 734
  -0.25 | 62,234.90
  -0.25 | 2
  -0.25 | 162.00
  -0.25 | 75
  -0.25 | 5,615.00
  -0.25 | 68,011.90
  -0.25 | 0
  -0.25 | 0.00
  -0.25 | 68,011.90
  -0.25 | 531
  -0.25 | 57.7%
  -0.25 | 260516E
  -0.25 | 5/16/2026 8:00 PM
  -0.25 | 87.7%
  -0.25 | 670
  -0.25 | 57,023.80
  -0.25 | 8
  -0.25 | 694.80
  -0.25 | 66
  -0.25 | 4,283.20
  -0.25 | 62,001.80
  -0.25 | 0
  -0.25 | 0.00
  -0.25 | 62,001.80
  -0.25 | 600
  -0.25 | 52.6%
  -0.25 | Run by sborodki/SYTDIR   on 9/30/2025 5:00:17 AM (Request 1126300)
  -0.25 | /Tessitura/ScheduledReports/lnk_PerformanceSalesSummary_7733
  -0.25 | Performance Sales Summary
  -0.25 | Kansas City Symphony
  -0.25 | Page 3 of 7

Found performance code: 251218E at X=-0.25
All items in this row (X position | content):
  -0.25 | Perf Code
  -0.25 | Date
  -0.25 | Budget
  -0.25 | Fixed Pkgs
  -0.25 | Non Fixed Pkgs
  -0.25 | Single
  -0.25 | Subtotal
  -0.25 | Reserved
  -0.25 | Total
  -0.25 | Avail
  -0.25 | % Cap
  -0.25 | #
  -0.25 | $
  -0.25 | #
  -0.25 | $
  -0.25 | #
  -0.25 | $
  -0.25 | #
  -0.25 | $
  -0.25 | 260517M
  -0.25 | 5/17/2026 2:00 PM
  -0.25 | 87.7%
  -0.25 | 395
  -0.25 | 31,506.20
  -0.25 | 20
  -0.25 | 1,540.80
  -0.25 | 107
  -0.25 | 8,289.60
  -0.25 | 41,336.60
  -0.25 | 1
  -0.25 | 112.00
  -0.25 | 41,448.60
  -0.25 | 819
  -0.25 | 35.2%
  -0.25 | 26 PS5 Dolly Parton's Threads Total
  -0.25 | 87.7%
  -0.25 | 1,799
  -0.25 | 150,764.90
  -0.25 | 30
  -0.25 | 2,397.60
  -0.25 | 248
  -0.25 | 18,187.80
  -0.25 | 171,350.30
  -0.25 | 1
  -0.25 | 112.00
  -0.25 | 171,462.30
  -0.25 | 1,950
  -0.25 | 48.5%
  -0.25 | 251218E
  -0.25 | 12/18/2025 7:00 PM
  -0.25 | 88.0%
  -0.25 | 0
  -0.25 | 0.00
  -0.25 | 8
  -0.25 | 441.00
  -0.25 | 222
  -0.25 | 13,558.00
  -0.25 | 13,999.00
  -0.25 | 27
  -0.25 | 1,336.50
  -0.25 | 15,335.50
  -0.25 | 1,223
  -0.25 | 17.3%
  -0.25 | 251219E
  -0.25 | 12/19/2025 7:00 PM
  -0.25 | 88.0%
  -0.25 | 0
  -0.25 | 0.00
  -0.25 | 2
  -0.25 | 99.00
  -0.25 | 213
  -0.25 | 12,835.50
  -0.25 | 12,934.50
  -0.25 | 0
  -0.25 | 0.00
  -0.25 | 12,934.50
  -0.25 | 1,265
  -0.25 | 14.6%
  -0.25 | 251220AM
  -0.25 | 12/20/2025 1:00 PM
  -0.25 | 88.0%
  -0.25 | 0
  -0.25 | 0.00
  -0.25 | 8
  -0.25 | 432.00
  -0.25 | 388
  -0.25 | 23,671.00
  -0.25 | 24,103.00
  -0.25 | 0
  -0.25 | 0.00
  -0.25 | 24,103.00
  -0.25 | 1,084
  -0.25 | 27.2%
  -0.25 | 251220BE
  -0.25 | 12/20/2025 7:00 PM
  -0.25 | 88.0%
  -0.25 | 0
  -0.25 | 0.00
  -0.25 | 9
  -0.25 | 625.50
  -0.25 | 292
  -0.25 | 18,196.50
  -0.25 | 18,822.00
  -0.25 | 0
  -0.25 | 0.00
  -0.25 | 18,822.00
  -0.25 | 1,179
  -0.25 | 21.3%
  -0.25 | 251221AM
  -0.25 | 12/21/2025 2:00 PM
  -0.25 | 88.0%
  -0.25 | 318
  -0.25 | 7,329.50
  -0.25 | 9
  -0.25 | 318.50
  -0.25 | 340
  -0.25 | 20,046.50
  -0.25 | 27,694.50
  -0.25 | 0
  -0.25 | 0.00
  -0.25 | 27,694.50
  -0.25 | 813
  -0.25 | 31.3%
  -0.25 | 251221BE
  -0.25 | 12/21/2025 7:00 PM
  -0.25 | 88.0%
  -0.25 | 0
  -0.25 | 0.00
  -0.25 | 2
  -0.25 | 144.00
  -0.25 | 152
  -0.25 | 8,879.50
  -0.25 | 9,023.50
  -0.25 | 0
  -0.25 | 0.00
  -0.25 | 9,023.50
  -0.25 | 1,326
  -0.25 | 10.2%
  -0.25 | 26 Christmas Festival Total
  -0.25 | 88.0%
  -0.25 | 318
  -0.25 | 7,329.50
  -0.25 | 38
  -0.25 | 2,060.00
  -0.25 | 1,607
  -0.25 | 97,187.00
  -0.25 | 106,576.50
  -0.25 | 27
  -0.25 | 1,336.50
  -0.25 | 107,913.00
  -0.25 | 6,890
  -0.25 | 20.3%
  -0.25 | 250928M
  -0.25 | 9/28/2025 2:00 PM
  -0.25 | 37.7%
  -0.25 | 218
  -0.25 | 5,975.00
  -0.25 | 2
  -0.25 | 90.00
  -0.25 | 507
  -0.25 | 10,901.00
  -0.25 | 16,966.00
  -0.25 | 0
  -0.25 | 0.00
  -0.25 | 16,966.00
  -0.25 | 645
  -0.25 | 32.8%
  -0.25 | 26 FS1 The Orchestra Games Total
  -0.25 | 37.7%
  -0.25 | 218
  -0.25 | 5,975.00
  -0.25 | 2
  -0.25 | 90.00
  -0.25 | 507
  -0.25 | 10,901.00
  -0.25 | 16,966.00
  -0.25 | 0
  -0.25 | 0.00
  -0.25 | 16,966.00
  -0.25 | 645
  -0.25 | 32.8%
  -0.25 | 251109M
  -0.25 | 11/9/2025 2:00 PM
  -0.25 | 37.7%
  -0.25 | 329
  -0.25 | 7,594.50
  -0.25 | 4
  -0.25 | 144.00
  -0.25 | 169
  -0.25 | 4,828.00
  -0.25 | 12,566.50
  -0.25 | 0
  -0.25 | 0.00
  -0.25 | 12,566.50
  -0.25 | 870
  -0.25 | 24.3%
  -0.25 | 26 FS2 Carnival of the Animals Total
  -0.25 | 37.7%
  -0.25 | 329
  -0.25 | 7,594.50
  -0.25 | 4
  -0.25 | 144.00
  -0.25 | 169
  -0.25 | 4,828.00
  -0.25 | 12,566.50
  -0.25 | 0
  -0.25 | 0.00
  -0.25 | 12,566.50
  -0.25 | 870
  -0.25 | 24.3%
  -0.25 | 260301M
  -0.25 | 3/1/2026 2:00 PM
  -0.25 | 37.7%
  -0.25 | 329
  -0.25 | 7,594.50
  -0.25 | 4
  -0.25 | 81.00
  -0.25 | 51
  -0.25 | 1,630.00
  -0.25 | 9,305.50
  -0.25 | 0
  -0.25 | 0.00
  -0.25 | 9,305.50
  -0.25 | 988
  -0.25 | 18.0%
  -0.25 | 26 FS3 Philharmonia Fantastiqu Total
  -0.25 | 37.7%
  -0.25 | 329
  -0.25 | 7,594.50
  -0.25 | 4
  -0.25 | 81.00
  -0.25 | 51
  -0.25 | 1,630.00
  -0.25 | 9,305.50
  -0.25 | 0
  -0.25 | 0.00
  -0.25 | 9,305.50
  -0.25 | 988
  -0.25 | 18.0%
  -0.25 | 251011A
  -0.25 | 10/11/2025 9:30 AM
  -0.25 | 0
  -0.25 | 0.00
  -0.25 | 0
  -0.25 | 0.00
  -0.25 | 51
  -0.25 | 408.00
  -0.25 | 408.00
  -0.25 | 0
  -0.25 | 0.00
  -0.25 | 408.00
  -0.25 | 129
  -0.25 | 28.3%
  -0.25 | 251011B
  -0.25 | 10/11/2025 10:30 AM
  -0.25 | 0
  -0.25 | 0.00
  -0.25 | 0
  -0.25 | 0.00
  -0.25 | 63
  -0.25 | 504.00
  -0.25 | 504.00
  -0.25 | 0
  -0.25 | 0.00
  -0.25 | 504.00
  -0.25 | 117
  -0.25 | 35.0%
  -0.25 | 251011C
  -0.25 | 10/11/2025 11:30 AM
  -0.25 | 0
  -0.25 | 0.00
  -0.25 | 0
  -0.25 | 0.00
  -0.25 | 43
  -0.25 | 344.00
  -0.25 | 344.00
  -0.25 | 0
  -0.25 | 0.00
  -0.25 | 344.00
  -0.25 | 137
  -0.25 | 23.9%
  -0.25 | 26 PP 01 Drum Safari Total
  -0.25 | 0.0%
  -0.25 | 0
  -0.25 | 0.00
  -0.25 | 0
  -0.25 | 0.00
  -0.25 | 157
  -0.25 | 1,256.00
  -0.25 | 1,256.00
  -0.25 | 0
  -0.25 | 0.00
  -0.25 | 1,256.00
  -0.25 | 383
  -0.25 | 29.1%
  -0.25 | 251205M
  -0.25 | 12/5/2025 12:00 PM
  -0.25 | #Error
  -0.25 | 0
  -0.25 | 0.00
  -0.25 | 0
  -0.25 | 0.00
  -0.25 | 147
  -0.25 | 0.00
  -0.25 | 0.00
  -0.25 | 0
  -0.25 | 0.00
  -0.25 | 0.00
  -0.25 | 1,853
  -0.25 | #Error
  -0.25 | 251215M
  -0.25 | 12/15/2025 12:00 PM
  -0.25 | #Error
  -0.25 | 0
  -0.25 | 0.00
  -0.25 | 0
  -0.25 | 0.00
  -0.25 | 27
  -0.25 | 0.00
  -0.25 | 0.00
  -0.25 | 0
  -0.25 | 0.00
  -0.25 | 0.00
  -0.25 | 3,493
  -0.25 | #Error
  -0.25 | 26 TubaChristmas Total
  -0.25 | #Error
  -0.25 | 0
  -0.25 | 0.00
  -0.25 | 0
  -0.25 | 0.00
  -0.25 | 174
  -0.25 | 0.00
  -0.25 | 0.00
  -0.25 | 0
  -0.25 | 0.00
  -0.25 | 0.00
  -0.25 | 5,346
  -0.25 | #Error
  -0.25 | 251029E
  -0.25 | 10/29/2025 8:00 PM
  -0.25 | 80.0%
  -0.25 | 0
  -0.25 | 0.00
  -0.25 | 0
  -0.25 | 0.00
  -0.25 | 29
  -0.25 | 3,360.00
  -0.25 | 3,360.00
  -0.25 | 0
  -0.25 | 0.00
  -0.25 | 3,360.00
  -0.25 | 71
  -0.25 | 24.0%
  -0.25 | 26 On Stage 1 Total
  -0.25 | 80.0%
  -0.25 | 0
  -0.25 | 0.00
  -0.25 | 0
  -0.25 | 0.00
  -0.25 | 29
  -0.25 | 3,360.00
  -0.25 | 3,360.00
  -0.25 | 0
  -0.25 | 0.00
  -0.25 | 3,360.00
  -0.25 | 71
  -0.25 | 24.0%
  -0.25 | 251205E
  -0.25 | 12/5/2025 7:00 PM
  -0.25 | 99.8%
  -0.25 | 0
  -0.25 | 0.00
  -0.25 | 4
  -0.25 | 306.00
  -0.25 | 399
  -0.25 | 21,167.50
  -0.25 | 21,473.50
  -0.25 | 0
  -0.25 | 0.00
  -0.25 | 21,473.50
  -0.25 | 1,041
  -0.25 | 27.4%
  -0.25 | 251206E
  -0.25 | 12/6/2025 7:00 PM
  -0.25 | 99.8%
  -0.25 | 0
  -0.25 | 0.00
  -0.25 | 9
  -0.25 | 472.50
  -0.25 | 392
  -0.25 | 23,324.00
  -0.25 | 23,796.50
  -0.25 | 0
  -0.25 | 0.00
  -0.25 | 23,796.50
  -0.25 | 1,043
  -0.25 | 30.3%
  -0.25 | 251207M
  -0.25 | 12/7/2025 2:00 PM
  -0.25 | 99.8%
  -0.25 | 0
  -0.25 | 0.00
  -0.25 | 14
  -0.25 | 656.00
  -0.25 | 445
  -0.25 | 23,671.00
  -0.25 | 24,327.00
  -0.25 | 30
  -0.25 | 1,485.00
  -0.25 | 25,812.00
  -0.25 | 955
  -0.25 | 32.9%
  -0.25 | 26 Handel's Messiah Total
  -0.25 | 99.8%
  -0.25 | 0
  -0.25 | 0.00
  -0.25 | 27
  -0.25 | 1,434.50
  -0.25 | 1,236
  -0.25 | 68,162.50
  -0.25 | 69,597.00
  -0.25 | 30
  -0.25 | 1,485.00
  -0.25 | 71,082.00
  -0.25 | 3,039
  -0.25 | 30.2%
  -0.25 | Run by sborodki/SYTDIR   on 9/30/2025 5:00:17 AM (Request 1126300)
  -0.25 | /Tessitura/ScheduledReports/lnk_PerformanceSalesSummary_7733
  -0.25 | Performance Sales Summary
  -0.25 | Kansas City Symphony
  -0.25 | Page 4 of 7

Found performance code: 251002E at X=-0.25
All items in this row (X position | content):
  -0.25 | Perf Code
  -0.25 | Date
  -0.25 | Budget
  -0.25 | Fixed Pkgs
  -0.25 | Non Fixed Pkgs
  -0.25 | Single
  -0.25 | Subtotal
  -0.25 | Reserved
  -0.25 | Total
  -0.25 | Avail
  -0.25 | % Cap
  -0.25 | #
  -0.25 | $
  -0.25 | #
  -0.25 | $
  -0.25 | #
  -0.25 | $
  -0.25 | #
  -0.25 | $
  -0.25 | 251002E
  -0.25 | 10/2/2025 5:30 PM
  -0.25 | 0
  -0.25 | 0.00
  -0.25 | 0
  -0.25 | 0.00
  -0.25 | 296
  -0.25 | 6,525.00
  -0.25 | 6,525.00
  -0.25 | 0
  -0.25 | 0.00
  -0.25 | 6,525.00
  -0.25 | 38
  -0.25 | 26.0%
  -0.25 | 26 Forte Total
  -0.25 | 0.0%
  -0.25 | 0
  -0.25 | 0.00
  -0.25 | 0
  -0.25 | 0.00
  -0.25 | 296
  -0.25 | 6,525.00
  -0.25 | 6,525.00
  -0.25 | 0
  -0.25 | 0.00
  -0.25 | 6,525.00
  -0.25 | 38
  -0.25 | 26.0%
  -0.25 | 251017E
  -0.25 | 10/17/2025 7:00 PM
  -0.25 | 103.4%
  -0.25 | 0
  -0.25 | 0.00
  -0.25 | 6
  -0.25 | 422.00
  -0.25 | 855
  -0.25 | 64,154.50
  -0.25 | 64,576.50
  -0.25 | 0
  -0.25 | 0.00
  -0.25 | 64,576.50
  -0.25 | 481
  -0.25 | 64.5%
  -0.25 | 251018E
  -0.25 | 10/18/2025 7:00 PM
  -0.25 | 103.4%
  -0.25 | 0
  -0.25 | 0.00
  -0.25 | 12
  -0.25 | 1,008.00
  -0.25 | 1,008
  -0.25 | 74,905.00
  -0.25 | 75,913.00
  -0.25 | 0
  -0.25 | 0.00
  -0.25 | 75,913.00
  -0.25 | 322
  -0.25 | 75.8%
  -0.25 | 251019M
  -0.25 | 10/19/2025 2:00 PM
  -0.25 | 103.4%
  -0.25 | 0
  -0.25 | 0.00
  -0.25 | 14
  -0.25 | 1,071.00
  -0.25 | 744
  -0.25 | 56,420.00
  -0.25 | 57,491.00
  -0.25 | 6
  -0.25 | 437.00
  -0.25 | 57,928.00
  -0.25 | 578
  -0.25 | 57.9%
  -0.25 | 26 Top Gun: Maverick in Concer Total
  -0.25 | 103.4%
  -0.25 | 0
  -0.25 | 0.00
  -0.25 | 32
  -0.25 | 2,501.00
  -0.25 | 2,607
  -0.25 | 195,479.50
  -0.25 | 197,980.50
  -0.25 | 6
  -0.25 | 437.00
  -0.25 | 198,417.50
  -0.25 | 1,381
  -0.25 | 66.1%
  -0.25 | 251128E
  -0.25 | 11/28/2025 7:00 PM
  -0.25 | 107.6%
  -0.25 | 0
  -0.25 | 0.00
  -0.25 | 4
  -0.25 | 343.80
  -0.25 | 349
  -0.25 | 24,108.40
  -0.25 | 24,452.20
  -0.25 | 0
  -0.25 | 0.00
  -0.25 | 24,452.20
  -0.25 | 989
  -0.25 | 24.5%
  -0.25 | 251129AM
  -0.25 | 11/29/2025 1:00 PM
  -0.25 | 107.6%
  -0.25 | 0
  -0.25 | 0.00
  -0.25 | 0
  -0.25 | 0.00
  -0.25 | 418
  -0.25 | 27,981.40
  -0.25 | 27,981.40
  -0.25 | 0
  -0.25 | 0.00
  -0.25 | 27,981.40
  -0.25 | 924
  -0.25 | 28.0%
  -0.25 | 251129BE
  -0.25 | 11/29/2025 7:00 PM
  -0.25 | 107.6%
  -0.25 | 0
  -0.25 | 0.00
  -0.25 | 0
  -0.25 | 0.00
  -0.25 | 333
  -0.25 | 22,592.00
  -0.25 | 22,592.00
  -0.25 | 26
  -0.25 | 1,111.80
  -0.25 | 23,703.80
  -0.25 | 983
  -0.25 | 23.7%
  -0.25 | 251130M
  -0.25 | 11/30/2025 2:00 PM
  -0.25 | 107.6%
  -0.25 | 0
  -0.25 | 0.00
  -0.25 | 10
  -0.25 | 732.60
  -0.25 | 542
  -0.25 | 37,521.00
  -0.25 | 38,253.60
  -0.25 | 0
  -0.25 | 0.00
  -0.25 | 38,253.60
  -0.25 | 790
  -0.25 | 38.3%
  -0.25 | 26 Elf
  -0.25 | ™ 
  -0.25 | in Concert Total
  -0.25 | 107.6%
  -0.25 | 0
  -0.25 | 0.00
  -0.25 | 14
  -0.25 | 1,076.40
  -0.25 | 1,642
  -0.25 | 112,202.80
  -0.25 | 113,279.20
  -0.25 | 26
  -0.25 | 1,111.80
  -0.25 | 114,391.00
  -0.25 | 3,686
  -0.25 | 28.6%
  -0.25 | 260219E
  -0.25 | 2/19/2026 7:00 PM
  -0.25 | 113.0%
  -0.25 | 0
  -0.25 | 0.00
  -0.25 | 0
  -0.25 | 0.00
  -0.25 | 139
  -0.25 | 10,026.50
  -0.25 | 10,026.50
  -0.25 | 0
  -0.25 | 0.00
  -0.25 | 10,026.50
  -0.25 | 1,203
  -0.25 | 10.2%
  -0.25 | 260220E
  -0.25 | 2/20/2026 7:00 PM
  -0.25 | 113.0%
  -0.25 | 0
  -0.25 | 0.00
  -0.25 | 10
  -0.25 | 801.00
  -0.25 | 259
  -0.25 | 18,462.00
  -0.25 | 19,263.00
  -0.25 | 30
  -0.25 | 960.00
  -0.25 | 20,223.00
  -0.25 | 1,043
  -0.25 | 20.5%
  -0.25 | 260221E
  -0.25 | 2/21/2026 7:00 PM
  -0.25 | 113.0%
  -0.25 | 0
  -0.25 | 0.00
  -0.25 | 10
  -0.25 | 657.00
  -0.25 | 457
  -0.25 | 34,436.00
  -0.25 | 35,093.00
  -0.25 | 0
  -0.25 | 0.00
  -0.25 | 35,093.00
  -0.25 | 875
  -0.25 | 35.7%
  -0.25 | 260222M
  -0.25 | 2/22/2026 2:00 PM
  -0.25 | 113.0%
  -0.25 | 0
  -0.25 | 0.00
  -0.25 | 9
  -0.25 | 657.00
  -0.25 | 521
  -0.25 | 35,530.50
  -0.25 | 36,187.50
  -0.25 | 0
  -0.25 | 0.00
  -0.25 | 36,187.50
  -0.25 | 812
  -0.25 | 36.8%
  -0.25 | 26 Harry Potter 2: Chamber Total
  -0.25 | 113.0%
  -0.25 | 0
  -0.25 | 0.00
  -0.25 | 29
  -0.25 | 2,115.00
  -0.25 | 1,376
  -0.25 | 98,455.00
  -0.25 | 100,570.00
  -0.25 | 30
  -0.25 | 960.00
  -0.25 | 101,530.00
  -0.25 | 3,933
  -0.25 | 25.8%
  -0.25 | 260122E
  -0.25 | 1/22/2026 7:00 PM
  -0.25 | 91.8%
  -0.25 | 0
  -0.25 | 0.00
  -0.25 | 4
  -0.25 | 279.00
  -0.25 | 137
  -0.25 | 8,416.00
  -0.25 | 8,695.00
  -0.25 | 0
  -0.25 | 0.00
  -0.25 | 8,695.00
  -0.25 | 1,201
  -0.25 | 8.9%
  -0.25 | 260123E
  -0.25 | 1/23/2026 7:00 PM
  -0.25 | 91.8%
  -0.25 | 0
  -0.25 | 0.00
  -0.25 | 4
  -0.25 | 239.40
  -0.25 | 324
  -0.25 | 23,708.50
  -0.25 | 23,947.90
  -0.25 | 0
  -0.25 | 0.00
  -0.25 | 23,947.90
  -0.25 | 1,014
  -0.25 | 24.4%
  -0.25 | 260124E
  -0.25 | 1/24/2026 7:00 PM
  -0.25 | 91.8%
  -0.25 | 0
  -0.25 | 0.00
  -0.25 | 12
  -0.25 | 1,011.60
  -0.25 | 504
  -0.25 | 36,777.50
  -0.25 | 37,789.10
  -0.25 | 0
  -0.25 | 0.00
  -0.25 | 37,789.10
  -0.25 | 826
  -0.25 | 38.6%
  -0.25 | 260125M
  -0.25 | 1/25/2026 2:00 PM
  -0.25 | 91.8%
  -0.25 | 0
  -0.25 | 0.00
  -0.25 | 20
  -0.25 | 1,389.60
  -0.25 | 370
  -0.25 | 25,725.50
  -0.25 | 27,115.10
  -0.25 | 0
  -0.25 | 0.00
  -0.25 | 27,115.10
  -0.25 | 952
  -0.25 | 27.7%
  -0.25 | 26 Indiana Jones: Raiders Lost Total
  -0.25 | 91.8%
  -0.25 | 0
  -0.25 | 0.00
  -0.25 | 40
  -0.25 | 2,919.60
  -0.25 | 1,335
  -0.25 | 94,627.50
  -0.25 | 97,547.10
  -0.25 | 0
  -0.25 | 0.00
  -0.25 | 97,547.10
  -0.25 | 3,993
  -0.25 | 24.9%
  -0.25 | 260212E
  -0.25 | 2/12/2026 7:00 PM
  -0.25 | 90.5%
  -0.25 | 0
  -0.25 | 0.00
  -0.25 | 15
  -0.25 | 1,021.50
  -0.25 | 329
  -0.25 | 29,496.60
  -0.25 | 30,518.10
  -0.25 | 0
  -0.25 | 0.00
  -0.25 | 30,518.10
  -0.25 | 1,257
  -0.25 | 21.4%
  -0.25 | 26 Chris Thile Total
  -0.25 | 90.5%
  -0.25 | 0
  -0.25 | 0.00
  -0.25 | 15
  -0.25 | 1,021.50
  -0.25 | 329
  -0.25 | 29,496.60
  -0.25 | 30,518.10
  -0.25 | 0
  -0.25 | 0.00
  -0.25 | 30,518.10
  -0.25 | 1,257
  -0.25 | 21.4%
  -0.25 | 251022E
  -0.25 | 10/22/2025 7:00 PM
  -0.25 | 72.8%
  -0.25 | 0
  -0.25 | 0.00
  -0.25 | 11
  -0.25 | 510.30
  -0.25 | 259
  -0.25 | 13,856.00
  -0.25 | 14,366.30
  -0.25 | 0
  -0.25 | 0.00
  -0.25 | 14,366.30
  -0.25 | 1,072
  -0.25 | 20.9%
  -0.25 | 26 The Lodger Total
  -0.25 | 72.8%
  -0.25 | 0
  -0.25 | 0.00
  -0.25 | 11
  -0.25 | 510.30
  -0.25 | 259
  -0.25 | 13,856.00
  -0.25 | 14,366.30
  -0.25 | 0
  -0.25 | 0.00
  -0.25 | 14,366.30
  -0.25 | 1,072
  -0.25 | 20.9%
  -0.25 | 251211M
  -0.25 | 12/11/2025 3:00 PM
  -0.25 | #Error
  -0.25 | 0
  -0.25 | 0.00
  -0.25 | 0
  -0.25 | 0.00
  -0.25 | 1,660
  -0.25 | 0.00
  -0.25 | 0.00
  -0.25 | 0
  -0.25 | 0.00
  -0.25 | 0.00
  -0.25 | 20
  -0.25 | #Error
  -0.25 | 251214AM
  -0.25 | 12/14/2025 3:00 PM
  -0.25 | #Error
  -0.25 | 0
  -0.25 | 0.00
  -0.25 | 0
  -0.25 | 0.00
  -0.25 | 1,760
  -0.25 | 0.00
  -0.25 | 0.00
  -0.25 | 0
  -0.25 | 0.00
  -0.25 | 0.00
  -0.25 | 0
  -0.25 | #Error
  -0.25 | 251214BE
  -0.25 | 12/14/2025 6:00 PM
  -0.25 | #Error
  -0.25 | 0
  -0.25 | 0.00
  -0.25 | 0
  -0.25 | 0.00
  -0.25 | 1,660
  -0.25 | 0.00
  -0.25 | 0.00
  -0.25 | 0
  -0.25 | 0.00
  -0.25 | 0.00
  -0.25 | 20
  -0.25 | #Error
  -0.25 | 26 Edward Jones Holiday Total
  -0.25 | #Error
  -0.25 | 0
  -0.25 | 0.00
  -0.25 | 0
  -0.25 | 0.00
  -0.25 | 5,080
  -0.25 | 0.00
  -0.25 | 0.00
  -0.25 | 0
  -0.25 | 0.00
  -0.25 | 0.00
  -0.25 | 40
  -0.25 | #Error
  -0.25 | Run by sborodki/SYTDIR   on 9/30/2025 5:00:17 AM (Request 1126300)
  -0.25 | /Tessitura/ScheduledReports/lnk_PerformanceSalesSummary_7733
  -0.25 | Performance Sales Summary
  -0.25 | Kansas City Symphony
  -0.25 | Page 5 of 7

Found performance code: 251223E at X=-0.25
All items in this row (X position | content):
  -0.25 | Perf Code
  -0.25 | Date
  -0.25 | Budget
  -0.25 | Fixed Pkgs
  -0.25 | Non Fixed Pkgs
  -0.25 | Single
  -0.25 | Subtotal
  -0.25 | Reserved
  -0.25 | Total
  -0.25 | Avail
  -0.25 | % Cap
  -0.25 | #
  -0.25 | $
  -0.25 | #
  -0.25 | $
  -0.25 | #
  -0.25 | $
  -0.25 | #
  -0.25 | $
  -0.25 | 251223E
  -0.25 | 12/23/2025 7:00 PM
  -0.25 | 99.8%
  -0.25 | 0
  -0.25 | 0.00
  -0.25 | 4
  -0.25 | 345.60
  -0.25 | 926
  -0.25 | 72,568.50
  -0.25 | 72,914.10
  -0.25 | 0
  -0.25 | 0.00
  -0.25 | 72,914.10
  -0.25 | 412
  -0.25 | 72.8%
  -0.25 | 251224M
  -0.25 | 12/24/2025 11:00 AM
  -0.25 | 99.8%
  -0.25 | 0
  -0.25 | 0.00
  -0.25 | 2
  -0.25 | 93.60
  -0.25 | 221
  -0.25 | 15,226.80
  -0.25 | 15,320.40
  -0.25 | 0
  -0.25 | 0.00
  -0.25 | 15,320.40
  -0.25 | 1,119
  -0.25 | 15.3%
  -0.25 | 26 It's a Wonderful Life Total
  -0.25 | 99.8%
  -0.25 | 0
  -0.25 | 0.00
  -0.25 | 6
  -0.25 | 439.20
  -0.25 | 1,147
  -0.25 | 87,795.30
  -0.25 | 88,234.50
  -0.25 | 0
  -0.25 | 0.00
  -0.25 | 88,234.50
  -0.25 | 1,531
  -0.25 | 44.0%
  -0.25 | 251212E
  -0.25 | 12/12/2025 7:00 PM
  -0.25 | 97.2%
  -0.25 | 0
  -0.25 | 0.00
  -0.25 | 0
  -0.25 | 0.00
  -0.25 | 1,106
  -0.25 | 112,419.00
  -0.25 | 112,419.00
  -0.25 | 1
  -0.25 | 68.00
  -0.25 | 112,487.00
  -0.25 | 494
  -0.25 | 72.9%
  -0.25 | 251213E
  -0.25 | 12/13/2025 7:00 PM
  -0.25 | 97.2%
  -0.25 | 0
  -0.25 | 0.00
  -0.25 | 4
  -0.25 | 378.00
  -0.25 | 1,318
  -0.25 | 130,041.50
  -0.25 | 130,419.50
  -0.25 | 0
  -0.25 | 0.00
  -0.25 | 130,419.50
  -0.25 | 279
  -0.25 | 84.5%
  -0.25 | 26 Leslie Odom Jr.: Christmas Total
  -0.25 | 97.2%
  -0.25 | 0
  -0.25 | 0.00
  -0.25 | 4
  -0.25 | 378.00
  -0.25 | 2,424
  -0.25 | 242,460.50
  -0.25 | 242,838.50
  -0.25 | 1
  -0.25 | 68.00
  -0.25 | 242,906.50
  -0.25 | 773
  -0.25 | 78.7%
  -0.25 | 260205E
  -0.25 | 2/5/2026 8:00 PM
  -0.25 | 64.3%
  -0.25 | 0
  -0.25 | 0.00
  -0.25 | 0
  -0.25 | 0.00
  -0.25 | 19
  -0.25 | 1,960.00
  -0.25 | 1,960.00
  -0.25 | 0
  -0.25 | 0.00
  -0.25 | 1,960.00
  -0.25 | 81
  -0.25 | 14.0%
  -0.25 | 26 On Stage 2 Total
  -0.25 | 64.3%
  -0.25 | 0
  -0.25 | 0.00
  -0.25 | 0
  -0.25 | 0.00
  -0.25 | 19
  -0.25 | 1,960.00
  -0.25 | 1,960.00
  -0.25 | 0
  -0.25 | 0.00
  -0.25 | 1,960.00
  -0.25 | 81
  -0.25 | 14.0%
  -0.25 | 260528E
  -0.25 | 5/28/2026 8:00 PM
  -0.25 | 64.3%
  -0.25 | 0
  -0.25 | 0.00
  -0.25 | 0
  -0.25 | 0.00
  -0.25 | 19
  -0.25 | 1,960.00
  -0.25 | 1,960.00
  -0.25 | 0
  -0.25 | 0.00
  -0.25 | 1,960.00
  -0.25 | 81
  -0.25 | 14.0%
  -0.25 | 26 On Stage 3 Total
  -0.25 | 64.3%
  -0.25 | 0
  -0.25 | 0.00
  -0.25 | 0
  -0.25 | 0.00
  -0.25 | 19
  -0.25 | 1,960.00
  -0.25 | 1,960.00
  -0.25 | 0
  -0.25 | 0.00
  -0.25 | 1,960.00
  -0.25 | 81
  -0.25 | 14.0%
  -0.25 | 260604E
  -0.25 | 6/4/2026 8:00 PM
  -0.25 | 64.3%
  -0.25 | 0
  -0.25 | 0.00
  -0.25 | 0
  -0.25 | 0.00
  -0.25 | 20
  -0.25 | 2,100.00
  -0.25 | 2,100.00
  -0.25 | 0
  -0.25 | 0.00
  -0.25 | 2,100.00
  -0.25 | 80
  -0.25 | 15.0%
  -0.25 | 26 On Stage 4 Total
  -0.25 | 64.3%
  -0.25 | 0
  -0.25 | 0.00
  -0.25 | 0
  -0.25 | 0.00
  -0.25 | 20
  -0.25 | 2,100.00
  -0.25 | 2,100.00
  -0.25 | 0
  -0.25 | 0.00
  -0.25 | 2,100.00
  -0.25 | 80
  -0.25 | 15.0%
  -0.25 | 250902E
  -0.25 | 9/2/2025 8:00 PM
  -0.25 | 90.5%
  -0.25 | 0
  -0.25 | 0.00
  -0.25 | 8
  -0.25 | 801.00
  -0.25 | 1,160
  -0.25 | 136,767.00
  -0.25 | 137,568.00
  -0.25 | 0
  -0.25 | 0.00
  -0.25 | 137,568.00
  -0.25 | 178
  -0.25 | 81.1%
  -0.25 | 250903E
  -0.25 | 9/3/2025 8:00 PM
  -0.25 | 90.6%
  -0.25 | 0
  -0.25 | 0.00
  -0.25 | 7
  -0.25 | 558.00
  -0.25 | 1,139
  -0.25 | 133,628.00
  -0.25 | 134,186.00
  -0.25 | 0
  -0.25 | 0.00
  -0.25 | 134,186.00
  -0.25 | 196
  -0.25 | 79.3%
  -0.25 | 26 Morgan Freeman's Symphonic Total
  -0.25 | 90.6%
  -0.25 | 0
  -0.25 | 0.00
  -0.25 | 15
  -0.25 | 1,359.00
  -0.25 | 2,299
  -0.25 | 270,395.00
  -0.25 | 271,754.00
  -0.25 | 0
  -0.25 | 0.00
  -0.25 | 271,754.00
  -0.25 | 374
  -0.25 | 80.2%
  -0.25 | 250905E
  -0.25 | 9/5/2025 8:00 PM
  -0.25 | 71.8%
  -0.25 | 0
  -0.25 | 0.00
  -0.25 | 0
  -0.25 | 0.00
  -0.25 | 699
  -0.25 | 20,005.00
  -0.25 | 20,005.00
  -0.25 | 0
  -0.25 | 0.00
  -0.25 | 20,005.00
  -0.25 | 170
  -0.25 | 95.7%
  -0.25 | 26 La nuit sombre Total
  -0.25 | 71.8%
  -0.25 | 0
  -0.25 | 0.00
  -0.25 | 0
  -0.25 | 0.00
  -0.25 | 699
  -0.25 | 20,005.00
  -0.25 | 20,005.00
  -0.25 | 0
  -0.25 | 0.00
  -0.25 | 20,005.00
  -0.25 | 170
  -0.25 | 95.7%
  -0.25 | 251004E
  -0.25 | 10/4/2025 8:00 PM
  -0.25 | 48.0%
  -0.25 | 0
  -0.25 | 0.00
  -0.25 | 0
  -0.25 | 0.00
  -0.25 | 44
  -0.25 | 3,645.00
  -0.25 | 3,645.00
  -0.25 | 0
  -0.25 | 0.00
  -0.25 | 3,645.00
  -0.25 | 1,557
  -0.25 | 3.0%
  -0.25 | 26 Chicken-Fried: Country Rock Total
  -0.25 | 48.0%
  -0.25 | 0
  -0.25 | 0.00
  -0.25 | 0
  -0.25 | 0.00
  -0.25 | 44
  -0.25 | 3,645.00
  -0.25 | 3,645.00
  -0.25 | 0
  -0.25 | 0.00
  -0.25 | 3,645.00
  -0.25 | 1,557
  -0.25 | 3.0%
  -0.25 | 260325E
  -0.25 | 3/25/2026 7:00 PM
  -0.25 | 67.4%
  -0.25 | 0
  -0.25 | 0.00
  -0.25 | 2
  -0.25 | 108.00
  -0.25 | 88
  -0.25 | 5,579.00
  -0.25 | 5,687.00
  -0.25 | 0
  -0.25 | 0.00
  -0.25 | 5,687.00
  -0.25 | 1,511
  -0.25 | 4.6%
  -0.25 | 260326E
  -0.25 | 3/26/2026 7:00 PM
  -0.25 | 67.4%
  -0.25 | 0
  -0.25 | 0.00
  -0.25 | 2
  -0.25 | 126.00
  -0.25 | 93
  -0.25 | 5,640.50
  -0.25 | 5,766.50
  -0.25 | 0
  -0.25 | 0.00
  -0.25 | 5,766.50
  -0.25 | 1,506
  -0.25 | 4.6%
  -0.25 | 26 Final Symphony: Music from Total
  -0.25 | 67.4%
  -0.25 | 0
  -0.25 | 0.00
  -0.25 | 4
  -0.25 | 234.00
  -0.25 | 181
  -0.25 | 11,219.50
  -0.25 | 11,453.50
  -0.25 | 0
  -0.25 | 0.00
  -0.25 | 11,453.50
  -0.25 | 3,017
  -0.25 | 4.6%
  -0.25 | 260521E
  -0.25 | 5/21/2026 8:00 PM
  -0.25 | 78.1%
  -0.25 | 0
  -0.25 | 0.00
  -0.25 | 2
  -0.25 | 216.00
  -0.25 | 117
  -0.25 | 10,040.00
  -0.25 | 10,256.00
  -0.25 | 0
  -0.25 | 0.00
  -0.25 | 10,256.00
  -0.25 | 1,482
  -0.25 | 7.1%
  -0.25 | 260522E
  -0.25 | 5/22/2026 8:00 PM
  -0.25 | 78.1%
  -0.25 | 0
  -0.25 | 0.00
  -0.25 | 8
  -0.25 | 792.00
  -0.25 | 213
  -0.25 | 19,210.00
  -0.25 | 20,002.00
  -0.25 | 0
  -0.25 | 0.00
  -0.25 | 20,002.00
  -0.25 | 1,380
  -0.25 | 13.9%
  -0.25 | 26 Ben Rector with KCS Total
  -0.25 | 78.1%
  -0.25 | 0
  -0.25 | 0.00
  -0.25 | 10
  -0.25 | 1,008.00
  -0.25 | 330
  -0.25 | 29,250.00
  -0.25 | 30,258.00
  -0.25 | 0
  -0.25 | 0.00
  -0.25 | 30,258.00
  -0.25 | 2,862
  -0.25 | 10.5%
  -0.25 | 250911E
  -0.25 | 9/11/2025 7:00 PM
  -0.25 | #Error
  -0.25 | 0
  -0.25 | 0.00
  -0.25 | 0
  -0.25 | 0.00
  -0.25 | 58
  -0.25 | 0.00
  -0.25 | 0.00
  -0.25 | 0
  -0.25 | 0.00
  -0.25 | 0.00
  -0.25 | 164
  -0.25 | #Error
  -0.25 | 250912M
  -0.25 | 9/12/2025 11:00 AM
  -0.25 | #Error
  -0.25 | 0
  -0.25 | 0.00
  -0.25 | 0
  -0.25 | 0.00
  -0.25 | 24
  -0.25 | 0.00
  -0.25 | 0.00
  -0.25 | 0
  -0.25 | 0.00
  -0.25 | 0.00
  -0.25 | 198
  -0.25 | #Error
  -0.25 | 26 Live @ HH Recording Session Total
  -0.25 | #Error
  -0.25 | 0
  -0.25 | 0.00
  -0.25 | 0
  -0.25 | 0.00
  -0.25 | 82
  -0.25 | 0.00
  -0.25 | 0.00
  -0.25 | 0
  -0.25 | 0.00
  -0.25 | 0.00
  -0.25 | 362
  -0.25 | #Error
  -0.25 | 251123E
  -0.25 | 11/23/2025 7:00 PM
  -0.25 | #Error
  -0.25 | 0
  -0.25 | 0.00
  -0.25 | 0
  -0.25 | 0.00
  -0.25 | 293
  -0.25 | 0.00
  -0.25 | 0.00
  -0.25 | 0
  -0.25 | 0.00
  -0.25 | 0.00
  -0.25 | 1,467
  -0.25 | #Error
  -0.25 | 26 ProAm Total
  -0.25 | #Error
  -0.25 | 0
  -0.25 | 0.00
  -0.25 | 0
  -0.25 | 0.00
  -0.25 | 293
  -0.25 | 0.00
  -0.25 | 0.00
  -0.25 | 0
  -0.25 | 0.00
  -0.25 | 0.00
  -0.25 | 1,467
  -0.25 | #Error
  -0.25 | Run by sborodki/SYTDIR   on 9/30/2025 5:00:17 AM (Request 1126300)
  -0.25 | /Tessitura/ScheduledReports/lnk_PerformanceSalesSummary_7733
  -0.25 | Performance Sales Summary
  -0.25 | Kansas City Symphony
  -0.25 | Page 6 of 7

Found performance code: 251206A at X=-0.25
All items in this row (X position | content):
  -0.25 | Perf Code
  -0.25 | Date
  -0.25 | Budget
  -0.25 | Fixed Pkgs
  -0.25 | Non Fixed Pkgs
  -0.25 | Single
  -0.25 | Subtotal
  -0.25 | Reserved
  -0.25 | Total
  -0.25 | Avail
  -0.25 | % Cap
  -0.25 | #
  -0.25 | $
  -0.25 | #
  -0.25 | $
  -0.25 | #
  -0.25 | $
  -0.25 | #
  -0.25 | $
  -0.25 | 251206A
  -0.25 | 12/6/2025 9:30 AM
  -0.25 | 0
  -0.25 | 0.00
  -0.25 | 0
  -0.25 | 0.00
  -0.25 | 0
  -0.25 | 0.00
  -0.25 | 0.00
  -0.25 | 0
  -0.25 | 0.00
  -0.25 | 0.00
  -0.25 | 300
  -0.25 | 251206B
  -0.25 | 12/6/2025 10:30 AM
  -0.25 | 0
  -0.25 | 0.00
  -0.25 | 0
  -0.25 | 0.00
  -0.25 | 0
  -0.25 | 0.00
  -0.25 | 0.00
  -0.25 | 0
  -0.25 | 0.00
  -0.25 | 0.00
  -0.25 | 300
  -0.25 | 251206C
  -0.25 | 12/6/2025 11:30 AM
  -0.25 | 0
  -0.25 | 0.00
  -0.25 | 0
  -0.25 | 0.00
  -0.25 | 0
  -0.25 | 0.00
  -0.25 | 0.00
  -0.25 | 0
  -0.25 | 0.00
  -0.25 | 0.00
  -0.25 | 300
  -0.25 | 26 PP 02 Holiday Harmonies Total
  -0.25 | 0.0%
  -0.25 | 0
  -0.25 | 0.00
  -0.25 | 0
  -0.25 | 0.00
  -0.25 | 0
  -0.25 | 0.00
  -0.25 | 0.00
  -0.25 | 0
  -0.25 | 0.00
  -0.25 | 0.00
  -0.25 | 900
  -0.25 | 0.0%
  -0.25 | Ticket Price Category Total
  -0.25 | 68.0%
  -0.25 | 32,470
  -0.25 | 2,167,379.0
  -0.25 | 0
  -0.25 | 1,014
  -0.25 | 64,899.90
  -0.25 | 32,335
  -0.25 | 1,865,232.0
  -0.25 | 0
  -0.25 | 4,097,510.9
  -0.25 | 0
  -0.25 | 124
  -0.25 | 5,654.30
  -0.25 | 4,103,165.2
  -0.25 | 0
  -0.25 | 120,753
  -0.25 | 36.0%
  -0.25 | Other Price Categories Total
  -0.25 | Run by sborodki/SYTDIR   on 9/30/2025 5:00:17 AM (Request 1126300)
  -0.25 | /Tessitura/ScheduledReports/lnk_PerformanceSalesSummary_7733
  -0.25 | Performance Sales Summary
  -0.25 | Kansas City Symphony
  -0.25 | Page 7 of 7
